%YAML:1.0

model_type: KANNALA_BRANDT
camera_name: camera
image_width: 480
image_height: 640
projection_parameters:
  k2: 3.1907586411965971e-01
  k3: -9.4518774548668874e-02
  k4: 9.2444579629733271e-03
  k5: -1.2667239429112180e-02
  mu: 1.9207063398531002e+02
  mv: 1.9169098836923530e+02
  u0: 2.3847196721365481e+02
  v0: 3.2429708288733008e+02